Polymetal;POLY;175924;0;2,268;299358412056;58038;0
iНПОНаука;NAUK;81992;0,34;5,262;2499374000;150;0
АВТОВАЗ;AVAZ;39;0,06;1,788;45615435338,7;286800;0
АЛРОСА;ALRS;81820;0,1;1,779;676766691740,7;21992600;10,1
АФК Система;AFKS;19715;-0,14;3,207;219103250000;28125600;6,5
АбрауДюрсо;ABRD;82460;0,31;2,603;13965026220;100;0
Авангард;AVAN;82843;1,41;12,737;37686900000;0;0
Акрон;AKRN;17564;-0,09;1,357;132546180000;73937;8,4
Аптеки 36 и 6;APTK;13855;-0,3;1,721;19693969228,7;388940;0
Аэрофлот;AFLT;29;0,35;1,974;187971808605,75;4548000;9,3
Банк Возрождение;VZRZ;17068;0,07;0,682;17538410519;281;1
Банк Санкт-Петербург;BSPB;20066;0,06;1,801;26834771700;137140;1,7
Башнефть;BANE;81757;0;2,367;535204290180;1655;0
ВСМПО-АВИСМА;VSMO;15965;0,12;1,196;160491168960;376;13,4
ВТБ;VTBR;19043;-0,01;1,217;860191128559,12;7957730000;1,8
Варьеган;VJGZ;81954;0,09;4,048;11505945960;0;0
ГАЗПРОМ;GAZP;16842;-0,07;1,222;3026658624265;55411890;6,8
ГМК Норникель;GMKN;795;-0,04;1,333;1406960527116;314631;5,7
Газпромнефть;SIBN;2;0,11;1,176;965565671482,35;154390;5,4
Галс-Девел;HALS;17698;-0,05;2,77;13236170920;0;0
Группа ПИК;PIKK;18654;0,08;1,158;192072627635,2;172840;0
Детский Мир;DSKY;473181;0,13;1,799;64869420000;1316730;3,7
Дикси;DIXY;18564;-0,11;1,434;30177025000;49650;0
Дорогобуж;DGBZ;17919;-0,06;1,285;31603357286;205900;7,2
Европлан;EPLN;451471;0,09;0,714;83951618832;91820;0
ИнтерРАО;IRAO;20516;0,31;2,177;423237600000;96118000;0
Иркутскэнерго;IRGZ;9;-0,02;2,253;87041908602;459900;0
КАМАЗ;KMAZ;15544;0,17;1,832;40983952944,05;13300;0,8
Казаньоргсинтез;KZOS;81856;0,25;1,766;102465543600;6000;7,7
КоршГОК;KOGK;20710;0,74;5,874;21410785600;3;0
Кубаньэнерго;KUBE;522;0,04;1,989;26052154773;370;0
Куйбазот;KAZT;81941;0,01;1,723;20534779512,3;500;0
ЛСР Группа;LSRG;19736;0,1;1,291;95869615057,5;4293;8,7
ЛУКОЙЛ;LKOH;8;0,03;1,353;2540207161057,5;1040753;7,2
Лензолото;LNZL;21004;-0,08;2,276;9384669000;32;0
Ленэнерго;LSNG;31;0,17;2,551;8393603085,34;815500;0
М.Видео;MVID;19737;0,13;1,592;67197363252,6;471370;0
МГТС;MGTS;12984;0,2;3,518;67672729599;120;17,5
МКБ;CBOM;420694;0,03;0,659;104306572694,69;4293600;0
ММК;MAGN;16782;0,12;2,088;412165162050;9453500;6,3
МОЭСК;MSRS;16917;-0,04;1,888;48658384482,43;1828000;3,6
МРСК Центра;MRKC;20235;0,26;2,589;16528324084,72;21378000;4,7
МТС;MTSS;15523;-0,01;1,678;552452586408,75;4500200;0
Магнит;MGNT;17086;0,01;1,805;886796387190;112265;3
МегаФон;MFON;152516;-0,08;1,466;394816000000;294230;10,8
Мегион;MFGS;30;0,04;2,61;59585348295;400;0
Мечел;MTLR;21018;0,43;3,775;63589519006,2;3373828;0
Московская Биржа;MOEX;152798;0;1,884;256916264585,75;14243600;7,7
МосОблБанк;MOBB;82890;-0,03;2,724;22449760877,76;64600;0
МосЭнерго;MSNG;6;0,19;2,62;96352447912,8;13739000;3
Мостотрест;MSTT;74549;0,06;1,469;29689070600;36910;9,9
НКНХ;NKNC;20100;0,02;1,993;86363321600;4900;0
НКХП;NKHP;450432;-0,16;1,926;11559087000;5120;0
НЛМК;NLMK;17046;0,14;1,912;673339080414;82065050;8,4
НМТП;NMTP;19629;0,25;2,424;116618182247;5553000;18,7
Новатэк;NVTK;17370;0;1,418;2148793756200;956210;2,2
ОАК;UNAC;22843;0,15;2,794;283597530130,34;11070000;0
ОВК;UWGN;414560;0,04;0,729;90966006296;38349;0
ОГК-2;OGKB;18684;0,16;2,555;50272816428,02;165456000;0
ОКС;UCSS;175781;0,01;0,663;25972147320;21;0
Отисифарм;OTCP;407627;-0,06;1,642;26103380394;200;0
Открытие;OFCB;80728;0,04;0,953;323731831668;3041;0
ПРОТЕК;PRTK;35247;0,04;1,754;54611999985,2;89100;7,4
Полюс золото;PLZL;17123;-0,02;0,719;845624685692;6218;0
Промсвязьбанк;PSBR;152320;0,05;0,696;83058556410,46;150000;0
РБК;RBCM;74779;0,19;3,613;2418649131,15;786400;0
РГС СК;RGSS;181934;0,05;1,104;241541945276,32;21943000;0
Распадская;RASP;17713;0,4;3,114;49392166886,08;4196550;0
Росбанк;ROSB;16866;0,07;2,367;98514017665,5;0;0
Роснефть;ROSN;17273;0;1,605;3439108701616,5;6993020;2
Россети;RSTI;20971;0,14;2,831;186548592765,12;530116000;0,8
Ростелеком;RTKM;7;-0,12;0,967;197161238027,78;3354180;7,6
РусГидро;HYDR;20266;0,11;2,149;365204542053,5;1942596000;0
Русал;RUAL;414279;0,14;2,309;447586217834,52;865400;3,9
Русполимет;RUSP;20712;0,08;4,415;2436311069,64;60000;0
РуссНефть;RNFT;465236;0,05;0,403;165060144000;42049;0
СОЛЛЕРС;SVAV;16080;0,08;1,922;20048043015;2640;0
Сбербанк;SBER;3;0,08;1,625;3476146236440;74365770;3,9
Северсталь;CHMF;16136;0,05;1,788;682154304838;2956890;11,2
Славнефть-ЯНОС;JNOS;15722;0,03;3,411;24528819214,9;100;0
Сургутнефтегаз;SNGS;4;-0,03;1,373;1041770005597,8;44850400;2,2
ТГК-1;TGKA;18382;0,35;2,967;57583860763,57;1619800000;3
ТМК;TRMK;18441;0,22;1,784;76503673852,3;835320;2,4
ТНСэнрг;TNSE;420644;-0,07;2,032;20570699695;723;0
Татнефть;TATN;825;0,11;1,988;765374042910;7056990;6,1
ТрансКонтейнер;TRCN;74561;0,04;1,704;47936984100;265;1,5
Транснефть (ап);TRNFP;1012;0;2,379;270237275000;85825;0
Уралкалий;URKA;19623;-0,09;1,126;478130187849,35;405570;0
ФГ БУДУЩЕЕ;FTRE;462599;0,04;0,426;61635600315;2424;0
ФСК ЕЭС;FEES;20509;0,14;2,917;231797888999,01;9321720000;8,7
ФосАгро;PHOR;81114;-0,06;1,391;309893500000;23739;9,4
Энел Россия;ENRU;16440;0,21;1,973;36468427219,47;7028000;6,5
ЧМК;CHMK;21001;0,15;3,642;13928455825;375;0
ЧТПЗ;CHEP;20999;0,42;4,418;62449016736;0;8,2
ЧЦЗ;CHZN;19960;0,09;2,326;29373912220;40;0
Черкизово;GCHE;20125;0,15;2,054;37325243277;22386;1,1
ЮТэйр;UTAR;15522;-0,07;1,396;36762925440;66300;0
ЮжКузб;UKUZ;20717;0,08;3,145;29790104025;88;0
Юнипро;UPRO;18584;0,01;1,348;170672847534,52;50178000;0
Яндекс;YNDX;388383;0,06;1,964;353708602579;59351;0
