Polymetal;POLY;175924;0,14;1,95;299358412056;53283;0
iНПОНаука;NAUK;81992;-0,19;4,721;2499374000;40;0
АВТОВАЗ;AVAZ;39;-0,03;1,824;45615435338,7;271900;0
АЛРОСА;ALRS;81820;-0,11;1,962;676766691740,7;9968400;10,1
АФК Система;AFKS;19715;-0,39;4,575;219103250000;79149500;6
АбрауДюрсо;ABRD;82460;0,6;3,669;13965026220;0;0
Авангард;AVAN;82843;0,97;11,855;37686900000;0;0
Акрон;AKRN;17564;-0,15;1,045;132546180000;6409;8,3
Аптеки 36 и 6;APTK;13855;-0,51;2,025;19693969228,7;750700;0
Аэрофлот;AFLT;29;0,22;2,146;187971808605,75;3282200;9,4
Банк Возрождение;VZRZ;17068;-0,01;0,666;17538410519;51;1
Банк Санкт-Петербург;BSPB;20066;-0,1;2,107;26834771700;43280;1,7
Башнефть;BANE;81757;-0,26;2,897;535204290180;7563;0
ВСМПО-АВИСМА;VSMO;15965;0,04;1,567;160491168960;624;14,7
ВТБ;VTBR;19043;-0,12;0,977;860191128559,12;10719890000;1,8
Варьеган;VJGZ;81954;0,55;6,119;11505945960;0;0
ГАЗПРОМ;GAZP;16842;-0,26;1,269;3026658624265;38326830;6,7
ГМК Норникель;GMKN;795;-0,25;1,421;1406960527116;233230;5,7
Газпромнефть;SIBN;2;-0,11;1,36;965565671482,35;374270;5,4
Галс-Девел;HALS;17698;-0,11;3,575;13236170920;1;0
Группа ПИК;PIKK;18654;0,04;1,423;192072627635,2;180710;0
Детский Мир;DSKY;473181;0,2;1,822;64869420000;218620;3,6
Дикси;DIXY;18564;-0,21;1,485;30177025000;10650;0
Дорогобуж;DGBZ;17919;-0,03;1,422;31603357286;477600;7,4
Европлан;EPLN;451471;0,06;0,851;83951618832;19880;0
ИнтерРАО;IRAO;20516;0,04;2,172;423237600000;55837000;0
Иркутскэнерго;IRGZ;9;0,16;2,045;87041908602;342100;0
КАМАЗ;KMAZ;15544;0,07;1,466;40983952944,05;11100;0,8
Казаньоргсинтез;KZOS;81856;0,45;2,063;102465543600;20400;7,6
КоршГОК;KOGK;20710;0,74;6,699;21410785600;7;0
Кубаньэнерго;KUBE;522;-0,11;2,183;26052154773;790;0
Куйбазот;KAZT;81941;-0,1;2,016;20534779512,3;0;0
ЛСР Группа;LSRG;19736;-0,09;1,187;95869615057,5;20829;8,7
ЛУКОЙЛ;LKOH;8;-0,25;1,447;2540207161057,5;919258;7,1
Лензолото;LNZL;21004;-0,19;1,542;9384669000;21;0
Ленэнерго;LSNG;31;-0,25;2,447;8393603085,34;449400;0
М.Видео;MVID;19737;0;0,638;67197363252,6;63170;0
МГТС;MGTS;12984;0,64;4,851;67672729599;430;17
МКБ;CBOM;420694;-0,02;0,589;104306572694,69;4679100;0
ММК;MAGN;16782;-0,04;2,071;412165162050;15706000;6,3
МОЭСК;MSRS;16917;-0,04;1,76;48658384482,43;1888000;3,6
МРСК Центра;MRKC;20235;0,12;2,896;16528324084,72;13900000;4,5
МТС;MTSS;15523;-0,03;1,945;552452586408,75;4143750;0
Магнит;MGNT;17086;-0,22;1,706;886796387190;59976;3,1
МегаФон;MFON;152516;0,02;1,344;394816000000;203490;10,9
Мегион;MFGS;30;0,11;3,164;59585348295;30;0
Мечел;MTLR;21018;-0,17;3,088;63589519006,2;621823;0
Московская Биржа;MOEX;152798;-0,2;1,932;256916264585,75;7302950;7,5
МосОблБанк;MOBB;82890;-0,19;2,627;22449760877,76;142000;0
МосЭнерго;MSNG;6;-0,05;2,368;96352447912,8;22738000;3
Мостотрест;MSTT;74549;0,17;1,637;29689070600;53720;9,8
НКНХ;NKNC;20100;-0,36;1,763;86363321600;7100;0
НКХП;NKHP;450432;-0,2;1,948;11559087000;2460;0
НЛМК;NLMK;17046;-0,05;1,705;673339080414;7786440;8,5
НМТП;NMTP;19629;0,07;1,884;116618182247;1914000;18,8
Новатэк;NVTK;17370;-0,22;1,516;2148793756200;1114770;2,3
ОАК;UNAC;22843;0,15;2,696;283597530130,34;9310000;0
ОВК;UWGN;414560;-0,02;0,973;90966006296;31725;0
ОГК-2;OGKB;18684;-0,26;2,679;50272816428,02;86012000;0
ОКС;UCSS;175781;0,03;0,752;25972147320;15;0
Отисифарм;OTCP;407627;-0,12;1,469;26103380394;2670;0
Открытие;OFCB;80728;0,1;1,261;323731831668;3034;0
ПРОТЕК;PRTK;35247;0,02;1,624;54611999985,2;19600;7,4
Полюс золото;PLZL;17123;-0,02;0,589;845624685692;4121;0
Промсвязьбанк;PSBR;152320;-0,03;0,587;83058556410,46;6790000;0
РБК;RBCM;74779;-0,02;3,458;2418649131,15;657000;0
РГС СК;RGSS;181934;0,03;1,261;241541945276,32;18691000;0
Распадская;RASP;17713;-0,27;3,249;49392166886,08;7168530;0
Росбанк;ROSB;16866;-0,15;2,582;98514017665,5;810;0
Роснефть;ROSN;17273;-0,31;1,45;3439108701616,5;6306270;2
Россети;RSTI;20971;-0,37;3,054;186548592765,12;414743000;0,8
Ростелеком;RTKM;7;-0,18;1,116;197161238027,78;4289160;7,6
РусГидро;HYDR;20266;-0,08;2,431;365204542053,5;877421000;0
Русал;RUAL;414279;0,02;2,357;447586217834,52;836800;3,9
Русполимет;RUSP;20712;-0,33;2,31;2436311069,64;1270000;0
РуссНефть;RNFT;465236;0,07;0,418;165060144000;36374;0
СОЛЛЕРС;SVAV;16080;0,04;1,985;20048043015;6160;0
Сбербанк;SBER;3;-0,12;1,608;3476146236440;65420920;3,8
Северсталь;CHMF;16136;-0,24;1,68;682154304838;539320;11,3
Славнефть-ЯНОС;JNOS;15722;-0,54;3,659;24528819214,9;0;0
Сургутнефтегаз;SNGS;4;-0,16;1,855;1041770005597,8;43044400;2,3
ТГК-1;TGKA;18382;-0,18;2,971;57583860763,57;1454700000;2,9
ТМК;TRMK;18441;0,04;1,52;76503673852,3;839450;2,4
ТНСэнрг;TNSE;420644;-0,07;1,661;20570699695;2621;0
Татнефть;TATN;825;-0,13;2,152;765374042910;2036330;6
ТрансКонтейнер;TRCN;74561;-0,13;1,435;47936984100;42;1,5
Транснефть (ап);TRNFP;1012;-0,2;2,627;270237275000;4238;0
Уралкалий;URKA;19623;-0,24;1,156;478130187849,35;222680;0
ФГ БУДУЩЕЕ;FTRE;462599;0,05;0,429;61635600315;2436;0
ФСК ЕЭС;FEES;20509;-0,16;3,437;231797888999,01;3596250000;8,7
ФосАгро;PHOR;81114;-0,12;1,681;309893500000;81825;9,5
Энел Россия;ENRU;16440;0,07;1,913;36468427219,47;16261000;6,3
ЧМК;CHMK;21001;0,07;4,86;13928455825;180;0
ЧТПЗ;CHEP;20999;0,36;3,992;62449016736;900;7,9
ЧЦЗ;CHZN;19960;-0,36;2,372;29373912220;0;0
Черкизово;GCHE;20125;0,51;2,947;37325243277;913;1,1
ЮТэйр;UTAR;15522;-0,24;1,522;36762925440;17300;0
ЮжКузб;UKUZ;20717;-0,22;2,875;29790104025;59;0
Юнипро;UPRO;18584;-0,09;1,511;170672847534,52;21443000;0
Яндекс;YNDX;388383;0,19;2,082;353708602579;62833;0
